STATISTIC	pval	fdr
SRR8615223	0.27552467385139	0.0113417682487438	1
SRR8615226	-0.833806012478729	6.66133814775094e-16	6.60804744256893e-13
SRR8615227	-0.323028927963698	0.0011569468392858	0.425756436857174
SRR8615228	-0.563953488372093	1.32335142843942e-10	1.0136871941846e-07
SRR8615229	0.426687464549064	4.04270786846794e-06	0.00214667787815648
SRR8615230	-0.198383437322745	0.11714051284405	1
SRR8615231	0.470221213840045	5.73157973415839e-07	0.000336443730395097
SRR8615232	0.537294384571753	5.73602476627855e-09	3.97506516303103e-06
SRR8615234	0.365002836074872	0.000144504720885452	0.061992525259859
SRR8615236	0.483550765740216	8.53155933677741e-08	5.36635082283299e-05
SRR8615237	-0.136273397617697	0.501349360390739	1
SRR8615238	0.491917186613727	1.3822320765744e-07	8.54546251050081e-05
SRR8615239	0.247163925127623	0.0311406768570694	1
SRR8615240	0.60436755530346	3.10957926075162e-11	2.44723887821152e-08
SRR8615241	-0.306721497447533	0.00240526783167283	0.839438473253818
SRR8615243	-0.387833238797504	4.15513539616663e-05	0.0193629309461365
SRR8615244	-0.63712422007941	1.94688709598267e-12	1.62759761224152e-09
SRR8615247	-0.695830969937606	6.66133814775094e-16	6.60804744256893e-13
SRR8615249	0.764463981849121	6.66133814775094e-16	6.60804744256893e-13
SRR8615250	-0.424418604651163	4.70033777888457e-06	0.00245827665835663
SRR8615252	-0.16747022121384	0.259997848521021	1
SRR8615253	0.158820192853091	0.31656513204237	1
SRR8615254	0.621525808281339	7.41795513903298e-12	6.00854366261672e-09
SRR8615255	0.341321610890528	0.000713990148364263	0.274886207120241
SRR8615257	0.228871242200794	0.0466475128825423	1
SRR8615258	-0.15414066931367	0.35110145990628	1
SRR8615260	0.31310266591038	0.0018154447473171	0.655375553781472
SRR8615262	0.223908111174135	0.0656879978629403	1
SRR8615263	0.250992626205332	0.0220065894895382	1
SRR8615264	0.241066364152014	0.0310944934305347	1
SRR8615265	-0.43321043675553	2.70274788161107e-06	0.00145948385606998
SRR8615266	-0.380884855360182	6.05187304751897e-05	0.0273544661747858
SRR8615269	-0.358905275099263	0.000308570393346419	0.124353868518607
SRR8615271	0.276233692569484	0.00853539574847806	1
SRR8615274	-0.32884288145207	0.000876126972982227	0.3302998688143
SRR8615275	-0.353516732841747	0.000262262193817642	0.107002975077598
SRR8615276	-0.160947249007374	0.34067312236854	1
SRR8615277	-0.240357345433919	0.0318940932096361	1
SRR8615278	-0.324163357912649	0.00109651382404496	0.404613601072592
SRR8615281	-0.433919455473624	2.53733871347084e-06	0.00137523758270119
SRR8615284	-0.188457175269427	0.153610896055565	1
SRR8615287	0.154707884288145	0.34608631073445	1
SRR8615288	0.14931934203063	0.388073481362207	1
SRR8615296	-0.489222915484969	5.65939261010229e-08	3.61635187785536e-05
SRR8615297	-0.250992626205332	0.0273457804664652	1
SRR8615301	-0.467101531480431	2.76484977912439e-07	0.000167549896614938
SRR8615311	0.615428247305729	1.24013022073655e-11	9.9458443703071e-09
SRR8615312	0.390102098695406	3.63608417354166e-05	0.0170895956156458
SRR8615313	-0.412223482699943	9.96438291078761e-06	0.00509179966741247
SRR8615316	0.382161089052751	5.69152731230149e-05	0.0258964492709718
SRR8615320	0.274673851389677	0.00910620451377686	1
SRR8615323	0.637549631310267	1.87616588931405e-12	1.57222701524518e-09
SRR8615324	0.633720930232558	2.61402011147993e-12	2.17747875286278e-09
SRR8615325	0.682501418037436	3.28626015289046e-14	2.95434787744853e-11
SRR8615326	0.680232558139535	4.06341627012807e-14	3.64082097803475e-11
SRR8615329	0.200368689733409	0.129691859268509	1
SRR8615330	-0.573454339194555	5.54417622922188e-11	4.30228075387618e-08
SRR8615333	0.464123652864436	8.45005637906127e-07	0.000486723247433929
SRR8615335	-0.495320476460579	3.58886277362913e-08	2.32917194008531e-05
SRR8615336	-0.220504821327283	0.0608752050207648	1
SRR8615337	-0.613868406125922	1.19670939824346e-12	1.01600627910869e-09
SRR8615338	-0.493760635280771	3.94023967897894e-08	2.54933507229937e-05
SRR8615339	0.57884288145207	2.43429831847664e-10	1.83059233549443e-07
SRR8615340	0.337492909812819	0.000852310769521414	0.322173470879094
SRR8615341	0.132019285309132	0.541310308790334	1
SRR8615343	0.288003403289847	0.00702417219983353	1
SRR8615345	0.19909245604084	0.114830973287205	1
SRR8615346	0.353233125354509	0.000406332815716559	0.161720460655191
SRR8615349	0.190158820192853	0.146304095021185	1
SRR8615350	0.177821894498015	0.231565341580344	1
SRR8615353	0.398184912081679	2.27759598786514e-05	0.0111146684207819
SRR8615354	0.336074872376631	0.000909622998254589	0.340199001347216
SRR8615355	0.304736245036869	0.00357361232854991	1
SRR8615356	0.463698241633579	8.6803903742716e-07	0.00049825440748319
SRR8615357	0.509075439591605	4.28895085002878e-08	2.77066224911859e-05
SRR8615358	-0.223908111174135	0.0656879978629404	1
SRR8615359	0.47093023255814	2.12892489526162e-07	0.000130077311100485
SRR8615362	-0.769001701644923	6.66133814775094e-16	6.60804744256893e-13
SRR8615363	0.166903006239365	0.298743336500592	1
SRR8615366	-0.78275666477595	0	0
SRR8615367	0.196823596142938	0.142737951682801	1
SRR8615368	0.153715258082813	0.396614934015673	1
SRR8615369	0.253403289846852	0.0200631364345754	1
SRR8615371	-0.552467385138968	3.49051676451495e-10	2.59694447279912e-07
SRR8615373	0.273964832671583	0.00930366033590435	1
SRR8615375	-0.425553034600113	4.36155838068331e-06	0.00229417970823942
SRR8615376	0.244611457742484	0.0339211919893426	1
SRR8615378	0.19299489506523	0.157996416081431	1
SRR8615379	-0.0974191718661372	0.865317703065471	1
SRR8615381	-0.59826999432785	5.57043300375426e-12	4.55104376406723e-09
SRR8615384	0.745036868973341	1.11022302462516e-16	1.11577413974828e-13
SRR8615388	0.668037436188315	4.55191440096314e-15	4.20596890648994e-12
SRR8615390	0.414492342597845	8.62095644471594e-06	0.004431171612584
SRR8615391	0.454197390811117	1.57251259114144e-06	0.000871171975492357
SRR8615392	-0.831537152580828	6.66133814775094e-16	6.60804744256893e-13
SRR8615393	-0.619965967101532	6.48592290986016e-13	5.57140777956988e-10
SRR8615394	0.583380601247873	1.69948277672916e-10	1.29500587586762e-07
SRR8615395	-0.148893930799773	0.43684151866995	1
SRR8615397	0.211712989222916	0.0943312060438324	1
SRR8615398	-0.685904707884288	1.11022302462516e-15	1.04805053524615e-12
SRR8615399	-0.36528644356211	0.000140841899865518	0.0605620169421728
SRR8615402	-0.551332955190017	3.87732401740948e-10	2.88085174493524e-07
SRR8615405	0.37989222915485	0.000107286760716363	0.0472061747151997
SRR8615407	-0.467101531480431	2.76484977912439e-07	0.000167549896614938
SRR8615408	0.271695972773681	0.0130821058534326	1
SRR8615410	0.607770845150312	2.19047002758543e-12	1.82904247303384e-09
SRR8615412	-0.395490640952921	2.67903244328682e-05	0.0128593557277767
SRR8615415	0.753403289846852	0	0
SRR8615416	0.638684061259217	1.69997349530604e-12	1.43137768304769e-09
SRR8615419	0.714549064095292	1.55431223447522e-15	1.46105350040671e-12
SRR8615420	0.693562110039705	1.16573417585641e-14	1.06081810002934e-11
SRR8615426	-0.2281622234827	0.0477690164596847	1
SRR8615428	-0.178247305728871	0.229198594988207	1
SRR8615429	-0.147759500850822	0.446627821121857	1
SRR8615430	0.514463981849121	2.94541550038829e-08	1.93371735024428e-05
SRR8615434	0.195263754963131	0.148804458326045	1
SRR8615438	-0.480431083380601	2.95845700715169e-07	0.000178394957531247
SRR8615439	-0.340612592172433	0.000737903343929536	0.28303522931823
SRR8615440	0.126630743051617	0.645517473931259	1
SRR8615442	0.644781622234827	5.01820807130571e-14	4.4862780157473e-11
SRR8615443	0.122234826999433	0.636254466213045	1
SRR8615446	0.276233692569484	0.011043447181773	1
SRR8615447	0.639818491208168	1.53999035745755e-12	1.30129185205163e-09
SRR8615448	0.321469086783891	0.00175004651008681	0.635266883161512
SRR8615450	-0.396199659671015	2.56096977359066e-05	0.0123694840064429
SRR8615454	0.0743051616562677	0.98262182512645	1
SRR8615457	0.269710720363018	0.0110373909149397	1
SRR8615458	-0.139676687464549	0.470947902400145	1
SRR8615459	-0.171724333522405	0.26752984645604	1
SRR8615461	-0.506381168462847	1.55017839675864e-08	1.0494707746056e-05
SRR8615462	-0.535734543391945	1.48157686119532e-09	1.06229060947705e-06
SRR8615464	-0.122093023255814	0.638006327851991	1
SRR8615465	-0.408111174134997	1.26284856214465e-05	0.00636475675320902
SRR8615467	-0.204197390811117	0.0991053211887922	1
SRR8615470	-0.478587634713556	1.22851615214081e-07	7.64137046631586e-05
SRR8615473	-0.158678389109472	0.317880002177243	1
SRR8615474	-0.502127056154282	2.07003323371424e-08	1.37243203395254e-05
SRR8615475	-0.788428814520703	6.66133814775094e-16	6.60804744256893e-13
SRR8615476	-0.487663074305162	6.20749494029127e-08	3.96038177190583e-05
SRR8615479	0.237237663074305	0.0432122141858695	1
SRR8615480	-0.335224049914918	0.000650177270163921	0.251618603553437
SRR8615483	-0.283040272263188	0.0065385708778285	1
SRR8615484	-0.48425978445831	8.12009205430897e-08	5.12377808626896e-05
SRR8615488	0.479722064662507	1.13640108212465e-07	7.07977874163657e-05
SRR8615493	-0.227027793533749	0.0495381876041163	1
SRR8615494	0.489648326715825	1.60872065002593e-07	9.87754479115921e-05
SRR8615495	-0.660380034032898	9.43689570931383e-15	8.64419646973147e-12
SRR8615499	0.465683494044243	7.65495407839545e-07	0.000443221841139096
SRR8615501	0.557855927396483	2.26265672864656e-10	1.70604317339951e-07
SRR8615503	0.140527509926262	0.511616501911205	1
SRR8615505	0.297929665343165	0.00352674666144159	1
SRR8615506	0.709160521837777	2.66453525910038e-15	2.48601139674065e-12
SRR8615508	-0.33252977878616	0.000737070909682891	0.28303522931823
SRR8615511	-0.283040272263188	0.0065385708778285	1
SRR8615513	0.221781055019853	0.0582029160265408	1
SRR8615514	0.175269427112876	0.246153003443893	1
SRR8615515	-0.558564946114577	2.0512014309304e-10	1.54865708035246e-07
SRR8615516	-0.366846284741917	0.000130607429131624	0.0566836242431248
SRR8615518	0.371100397050482	0.000104390409207067	0.0460361704603165
SRR8615521	0.461429381735678	1.00149742698896e-06	0.000569852035956719
SRR8615524	0.188457175269427	0.177736037579575	1
SRR8615525	-0.476602382302893	1.38394772308814e-07	8.54546251050081e-05
SRR8615526	0.452212138400454	1.77762968012196e-06	0.000977696324067079
SRR8615528	-0.342030629608622	0.000462939440943	0.181935200290599
SRR8615529	-0.350822461712989	0.000299177361195557	0.120867653923005
SRR8615532	-0.523539421440726	4.01614985712229e-09	2.81532104984272e-06
SRR8615533	0.495320476460579	3.58886277362913e-08	2.32917194008531e-05
SRR8615535	0.36656267725468	0.000211335090014142	0.0872813921758406
SRR8615536	-0.237663074305162	0.0349153920830153	1
SRR8615537	-0.317640385706183	0.00147360767251981	0.537866800469729
SRR8615538	0.481281905842314	9.95738056452922e-08	6.22336285283076e-05
SRR8615539	0.264038570618264	0.0136286123883147	1
SRR8615540	0.369965967101532	0.000110799556367724	0.0485302056890633
SRR8615541	0.505246738513897	5.5881480220954e-08	3.58200288216315e-05
SRR8615542	0.469795802609189	5.88989433669695e-07	0.000345147808130442
SRR8615543	0.399744753261486	3.73720773572117e-05	0.0175275042805323
SRR8615544	0.626488939307998	4.86399809318527e-12	3.97875044022555e-09
SRR8615546	0.581537152580828	1.96726079870757e-10	1.48724916382292e-07
SRR8615547	-0.395490640952921	4.70601628451695e-05	0.0217888553973135
SRR8615549	0.371100397050482	0.000168237258371562	0.0709961230327991
SRR8615550	0.414917753828701	1.60982786494568e-05	0.00801694276742948
SRR8615551	-0.197249007373795	0.120927978991135	1
SRR8615552	-0.0927396483267158	0.899176607576875	1
SRR8615554	-0.353516732841747	0.000400821249006977	0.159927678353784
SRR8615557	0.255246738513897	0.0236137011399723	1
SRR8615558	-0.252127056154282	0.0263027643354482	1
SRR8615559	0.582671582529779	1.79796399990551e-10	1.36465467592828e-07
SRR8615560	0.260493477027794	0.0196378121938151	1
SRR8615562	0.453062960862167	1.68674581702e-06	0.000931083690995038
SRR8615563	-0.388542257515598	3.93174438397814e-05	0.0184005637170177
SRR8615565	-0.360748723766307	0.00018015227457302	0.0756639553206684
SRR8615566	0.733976176971072	2.22044604925031e-16	2.22266649529956e-13
SRR8615567	0.687464549064095	2.07611705604904e-14	1.88096205278043e-11
SRR8615569	0.444271128757799	2.88733688702525e-06	0.00155627458210661
SRR8615571	0.147759500850822	0.400745697871543	1
SRR8615572	0.146199659671015	0.413779275169497	1
SRR8615573	-0.48425978445831	8.12009205430897e-08	5.12377808626896e-05
SRR8615574	-0.165626772546795	0.271332080564788	1
SRR8615575	-0.327566647759501	0.000931785874030311	0.346624345139276
SRR8615576	-0.550198525241066	4.30572910659066e-10	3.18623953887709e-07
SRR8615577	-0.615428247305729	1.03439479204326e-12	8.82338757612899e-10
SRR8615579	-0.549064095292116	4.78100004031035e-10	3.52359702970872e-07
SRR8615580	0.638684061259217	1.69997349530604e-12	1.43137768304769e-09
SRR8615582	-0.533040272263188	1.81740489324511e-09	1.29580968888376e-06
SRR8615584	0.554027226318775	3.13682635422197e-10	2.34320928660381e-07
SRR8615585	0.232274532047646	0.050647469895907	1
SRR8615586	0.169313669880885	0.248415717343476	1
SRR8615587	0.673000567214974	2.55351295663786e-15	2.3875346144564e-12
SRR8615588	0.448808848553602	2.19068271944955e-06	0.00119173139938056
SRR8615589	-0.512478729438457	9.6408314664842e-09	6.60396955454168e-06
SRR8615590	-0.660380034032898	9.43689570931383e-15	8.64419646973147e-12
SRR8615591	0.622660238230289	5.01931829433033e-13	4.33669100630141e-10
SRR8615593	-0.582955190017016	2.26176855022686e-11	1.79204174832748e-08
SRR8615594	0.233408961996597	0.040219813460717	1
SRR8615596	-0.281905842314237	0.00684310724686177	1
SRR8615597	0.303176403857062	0.0038121220916606	1
SRR8615598	-0.30700510493477	0.00237948633813057	0.832820218345698
SRR8615599	-0.331395348837209	0.000779133366819229	0.296849812758126
SRR8615600	0.358905275099263	0.000198861971610231	0.082527718218246
SRR8615601	-0.101673284174702	0.831135765372633	1
SRR8615602	0.18930799773114	0.173893811819579	1
SRR8615604	-0.18321043675553	0.176083978412341	1
SRR8615606	-0.425127623369257	4.40707936322227e-06	0.00231371666569169
SRR8615607	-0.187748156551333	0.180988636222462	1
SRR8615612	0.145774248440159	0.464033063941263	1
SRR8615615	-0.471639251276234	1.96624481363372e-07	0.000120334182594384
SRR8615616	-0.127906976744186	0.632959223734715	1
SRR8615618	0.532331253545094	1.95525451385237e-09	1.39214121386289e-06
SRR8615619	-0.677538287010777	1.99840144432528e-15	1.87649895622144e-12
SRR8615620	0.715683494044243	6.66133814775094e-16	6.60804744256893e-13
SRR8615621	0.185479296653432	0.191711334559856	1
SRR8615625	-0.125212705615428	0.607101864672974	1
SRR8615627	0.498014747589336	2.94325319671884e-08	1.93371735024428e-05
SRR8615628	0.336783891094725	0.000880530856638417	0.331079602096045
SRR8615629	0.40045377197958	3.59549547223059e-05	0.0169347836742061
SRR8615630	0.335649461145774	0.000927507143713591	0.345960164605169
SRR8615631	0.204622802041974	0.0977097088494366	1
SRR8615633	0.152722631877482	0.361451190360144	1
SRR8615634	-0.250283607487238	0.0225813840821565	1
SRR8615635	0.205190017016449	0.113525132072849	1
SRR8615636	-0.539137833238797	1.0941114680918e-09	7.89948479962277e-07
SRR8615639	0.457600680657969	5.384936319075e-07	0.00031663425556161
SRR8615640	-0.438882586500284	1.84799605484898e-06	0.00101270183805724
SRR8615641	0.148893930799773	0.391365960602003	1
SRR8615642	0.522404991491775	1.680747541144e-08	1.13282384273106e-05
SRR8615644	0.491917186613727	1.3822320765744e-07	8.54546251050081e-05
SRR8615645	0.619965967101532	8.46422931743973e-12	6.83063305917386e-09
SRR8615646	0.576148610323313	4.41962022534881e-11	3.44288415554672e-08
SRR8615647	0.605501985252411	2.76823008960037e-12	2.3031674345475e-09
SRR8615648	0.678672716959728	4.69624339416441e-14	4.20313783777715e-11
SRR8615649	0.674134997163925	7.1276318180935e-14	6.35071994992131e-11
SRR8615650	0.603233125354509	3.4138025739594e-11	2.67300741541021e-08
SRR8615651	-0.458309699376064	5.00792967650376e-07	0.000294967057946072
SRR8615652	0.698525241066364	7.32747196252603e-15	6.74860167748648e-12
SRR8615654	0.674134997163925	7.1276318180935e-14	6.35071994992131e-11
SRR8615655	0.481281905842314	2.79803216929331e-07	0.000169001143025316
SRR8615656	0.556721497447533	2.49058107471001e-10	1.86793580603251e-07
SRR8615657	0.430941576857629	6.39306466798661e-06	0.00330521443334908
SRR8615658	-0.648184912081679	3.47499806707674e-14	3.12054826423491e-11
SRR8615659	-0.109330686330119	0.762338870065524	1
SRR8615660	0.224758933635848	0.0640016717385082	1
SRR8615661	0.312819058423142	0.00183594848351709	0.660941454066153
SRR8615662	-0.182359614293817	0.180186420312204	1
SRR8615664	0.139818491208168	0.469189616844869	1
SRR8615665	-0.708026091888826	6.66133814775094e-16	6.60804744256893e-13
SRR8615666	-0.206466250709019	0.0928709306413089	1
SRR8615667	0.255246738513897	0.0236137011399723	1
SRR8615668	-0.761769710720363	6.66133814775094e-16	6.60804744256893e-13
SRR8615669	-0.297078842881452	0.00364716817120658	1
SRR8615670	-0.364152013613159	0.000149739447060315	0.0640884833418149
SRR8615671	-0.689733408961997	8.88178419700125e-16	8.41104963456019e-13
SRR8615673	0.250283607487238	0.0280160704008737	1
SRR8615674	0.22093023255814	0.0718918037958062	1
SRR8615675	0.522830402722632	4.13311707081476e-09	2.88904883249952e-06
SRR8615676	0.259075439591605	0.0164025828957516	1
SRR8615678	0.661939875212706	2.16493489801906e-13	1.88782323107262e-10
SRR8615681	0.653148043108338	4.75952610656805e-13	4.11699008218136e-10
SRR8615682	0.535025524673851	6.77023415107669e-09	4.66469133009184e-06
SRR8615684	0.279636982416336	0.00970789763104485	1
SRR8615686	0.229580260918888	0.0551286481254132	1
SRR8615687	0.152013613159387	0.410554046824985	1
SRR8615690	0.627623369256948	4.41469083511947e-12	3.62446117563309e-09
SRR8615691	-0.501418037436188	7.26636475434361e-08	4.59960888949951e-05
SRR8615692	0.506806579693704	1.4808184678472e-08	1.0039949212004e-05
SRR8615695	0.250283607487238	0.0280160704008737	1
SRR8615696	0.303318207600681	0.00277787643115412	0.961145245179327
SRR8615698	-0.558990357345434	1.13447684579882e-09	8.16823328975147e-07
SRR8615699	0.585649461145774	1.80074843925127e-11	1.43339575764401e-08
SRR8615703	0.587209302325581	1.25226273794965e-10	9.60485520007381e-08
SRR8615704	0.190300623936472	0.169494364012681	1
SRR8615707	0.284600113442995	0.00802157653361613	1
SRR8615708	0.693562110039705	6.66133814775094e-16	6.60804744256893e-13
SRR8615709	-0.370249574588769	0.000108155566942769	0.0474802938878757
SRR8615711	0.156409529211571	0.375141049883164	1
SRR8615712	0.262053318207601	0.0185769334163395	1
SRR8615713	0.374929098128191	0.000138484560832319	0.0596868457187296
SRR8615714	0.705757231990925	6.66133814775094e-16	6.60804744256893e-13
SRR8615715	0.208309699376064	0.103977341067525	1
SRR8615718	0.683635847986387	1.22124532708767e-15	1.15041309811659e-12
SRR8615719	-0.381735677821894	5.84743818646816e-05	0.0265473693665654
SRR8615723	0.721781055019853	7.7715611723761e-16	7.37521155258491e-13
SRR8615725	0.60436755530346	3.10957926075162e-11	2.44723887821152e-08
SRR8615726	-0.188882586500284	0.151811104806856	1
SRR8615728	0.600964265456608	4.12825329476618e-12	3.3934242082978e-09
SRR8615730	0.542966534316506	3.7783003392633e-09	2.6561451385021e-06
SRR8615733	0.183068633011912	0.17687876511497	1
SRR8615734	-0.352382302892796	0.000278279730604902	0.112703290894985
SRR8615735	0.14931934203063	0.433202366085546	1
SRR8615737	0.850964265456608	0	0
SRR8615738	0.478587634713556	3.33717389056076e-07	0.000200230433433646
SRR8615739	0.528927963698242	1.05335422606601e-08	7.20494290629148e-06
SRR8615740	0.563953488372093	7.76027020421566e-10	5.66499724907743e-07
SRR8615743	-0.453062960862167	7.24567944310195e-07	0.000420973975644223
SRR8615745	0.639818491208168	1.53999035745755e-12	1.30129185205163e-09
SRR8615746	0.655842314237096	1.50990331349021e-14	1.3725021119626e-11
SRR8615747	0.113301191151446	0.774289532999477	1
SRR8615749	0.211712989222916	0.0796000829011386	1
SRR8615750	0.356920022688599	0.000339942541264793	0.136316959047182
SRR8615751	-0.175127623369257	0.246983025823827	1
SRR8615752	0.698525241066364	7.32747196252603e-15	6.74860167748648e-12
SRR8615756	0.593306863301191	7.66819940878349e-11	5.93518634239842e-08
SRR8615758	-0.519001701644923	2.13982547236924e-08	1.41656446270844e-05
SRR8615760	0.230005672149745	0.0543991756288895	1
SRR8615762	0.254537719795803	0.0242024590748199	1
SRR8615763	0.645490640952921	9.37139255086095e-13	8.01254063098611e-10
SRR8615764	0.180941576857629	0.214631479619291	1
SRR8615765	-0.496029495178673	3.29220017913912e-08	2.14322231661956e-05
SRR8615767	0.401162790697674	3.4589198783963e-05	0.0163261018260306
SRR8615768	-0.371809415768576	0.00010032778832747	0.0443448824407418
SRR8615770	0.124361883153715	0.667850701006237	1
SRR8615771	-0.448099829835508	1.01478711100889e-06	0.000576399079053047
SRR8615772	0.242200794100964	0.0367448518131713	1
SRR8615773	0.462563811684629	3.82688603139947e-07	0.000228082407471408
SRR8615775	0.284600113442995	0.00612704803557029	1
SRR8615778	0.520136131593874	1.97467621143588e-08	1.31315968060486e-05
SRR8615781	0.730147475893364	6.66133814775094e-16	6.60804744256893e-13
SRR8615784	0.703488372093023	6.66133814775094e-16	6.60804744256893e-13
SRR8615786	0.448525241066364	9.74392211805508e-07	0.000556377952940945
SRR8615787	0.485819625638117	7.29348428318843e-08	4.60948206697509e-05
SRR8615789	0.451928530913216	7.79102209302884e-07	0.000449541974767764
SRR8615790	0.685195689166194	2.56461518688411e-14	2.31584751375635e-11
SRR8615791	0.733976176971072	2.22044604925031e-16	2.22266649529956e-13
SRR8615792	-0.570051049347703	7.67855778960325e-11	5.93552517136331e-08
SRR8615793	-0.363868406125922	0.000153226651713467	0.0654277802816505
SRR8615795	-0.742342597844583	6.66133814775094e-16	6.60804744256893e-13
SRR8615796	0.169313669880885	0.248415717343476	1
SRR8615801	0.135138967668746	0.511841381402827	1
SRR8615803	0.292115711854793	0.00597038811464579	1
SRR8615806	-0.533465683494044	1.7900064763765e-09	1.27806462413282e-06
SRR8615807	-0.507515598411798	1.41300433575964e-08	9.59429943980794e-06
SRR8615808	-0.248014747589336	0.0302594703097652	1
SRR8615809	-0.761769710720363	6.66133814775094e-16	6.60804744256893e-13
SRR8615810	0.460720363017584	1.04712111548277e-06	0.000593717672478733
SRR8615812	-0.50368689733409	1.87644388915942e-08	1.25158807406933e-05
SRR8615813	-0.648184912081679	3.47499806707674e-14	3.12054826423491e-11
SRR8615817	-0.190017016449234	0.147330443987596	1
SRR8615818	-0.151446398184912	0.371717621029443	1
SRR8615820	-0.14804310833806	0.399053381299672	1
SRR8615822	0.448525241066364	9.74392211805508e-07	0.000556377952940945
SRR8615825	-0.20873511060692	0.086978381379022	1
SRR8615826	0.416477595008508	1.47368548932825e-05	0.00738316430153452
SRR8615827	-0.31920022688599	0.00137725156498958	0.504074072786186
SRR8615828	-0.41378332387975	9.06615949869405e-06	0.00465093982283005
SRR8615829	-0.710294951786727	6.66133814775094e-16	6.60804744256893e-13
SRR8615833	0.670306296086217	3.5527136788005e-15	3.28981286656926e-12
SRR8615834	-0.429381735677822	3.44579146394075e-06	0.00184005264174436
SRR8615836	0.663074305161656	1.95399252334028e-13	1.7077894653994e-10
SRR8615838	0.568916619398752	5.29054355880021e-10	3.89384005927695e-07
SRR8615839	0.684770277935338	2.66453525910038e-14	2.40074626844944e-11
SRR8615840	-0.152013613159387	0.410554046824985	1
SRR8615841	-0.80941576857629	0	0
SRR8615843	0.584515031196824	1.55278789826241e-10	1.18632995427248e-07
SRR8615845	0.544526375496313	3.3658997811159e-09	2.37632524546783e-06
SRR8615848	0.408111174134997	2.35801893545551e-05	0.0114442916024085
SRR8615849	0.357770845150312	0.000326146038654995	0.131110707539308
SRR8615851	0.415768576290414	1.53414239996152e-05	0.00767071199980762
SRR8615855	0.686330119115145	2.29816166097407e-14	2.07753814152056e-11
SRR8615856	-0.721355643788996	6.66133814775094e-16	6.60804744256893e-13
SRR8615857	-0.199517867271696	0.113446837787822	1
SRR8615859	0.509075439591605	4.28895085002878e-08	2.77066224911859e-05
SRR8615862	0.411939875212706	1.90388297484079e-05	0.00946229838495871
SRR8615863	-0.258933635847986	0.0207523925721997	1
SRR8615864	0.397050482132728	2.42875400233711e-05	0.0117551693713116
SRR8615865	0.320051049347703	0.00186195123044841	0.66844049173098
SRR8615868	0.658111174134997	3.05422354074381e-13	2.65717448044711e-10
SRR8615870	-0.178956324446965	0.196493163426955	1
SRR8615872	0.576574021554169	2.91035084920566e-10	2.17694243520583e-07
SRR8615875	-0.361883153715258	0.000169397339046973	0.0713162797387755
SRR8615876	0.391236528644356	3.3972321211384e-05	0.0160689079329847
SRR8615878	0.396625070901872	4.42652749479411e-05	0.0205833528507926
SRR8615879	-0.344724900737379	0.000406439289835858	0.161720460655191
SRR8615881	0.685195689166194	2.56461518688411e-14	2.31584751375635e-11
SRR8615882	0.506806579693704	5.01827730481352e-08	3.2267523069951e-05
SRR8615883	0.721781055019853	7.7715611723761e-16	7.37521155258491e-13
SRR8615886	0.706891661939875	3.21964677141295e-15	2.99105185064263e-12
SRR8615890	0.616137266023823	1.16849863118773e-11	9.38304400843748e-09
SRR8615891	-0.372943845717527	9.41233699010002e-05	0.0417907762360441
SRR8615892	0.716817923993193	1.22124532708767e-15	1.15041309811659e-12
SRR8615893	-0.114861032331254	0.759750369565856	1
SRR8615895	0.622660238230289	6.73783251414761e-12	5.47112000148786e-09
SRR8615896	0.216817923993193	0.0679092518635864	1
SRR8615898	0.586074872376631	1.37113764786534e-10	1.04892030061698e-07
SRR8615901	0.395490640952921	4.70601628451695e-05	0.0217888553973135
SRR8615902	0.501843448667045	7.05810139223217e-08	4.48895248545966e-05
SRR8615903	0.314662507090187	0.00235057484844858	0.825051771805453
SRR8615906	-0.557855927396483	2.26265672864656e-10	1.70604317339951e-07
SRR8615907	0.234543391945547	0.0387298900063147	1
SRR8615908	0.291406693136699	0.00614108490966903	1
SRR8615909	-0.695830969937606	6.66133814775094e-16	6.60804744256893e-13
SRR8615910	0.222348269994328	0.0688781515623318	1
SRR8615912	0.337918321043676	0.000835787234211072	0.316763361765996
SRR8615913	-0.117980714690868	0.730080786802295	1
SRR8615918	0.383720930232558	5.18454587736805e-05	0.023693374659572
SRR8615919	0.368406125921724	0.000192699129103135	0.0803555368360075
SRR8615920	-0.275382870107771	0.00884776891770078	1
SRR8615921	0.433919455473625	2.53733871347084e-06	0.00137523758270119
SRR8615922	-0.252127056154282	0.0211300592577259	1
SRR8615923	-0.427821894498015	3.74588349527638e-06	0.00199281001948703
SRR8615924	-0.631735677821894	1.85629289717326e-13	1.6242562850266e-10
SRR8615925	0.709160521837777	2.66453525910038e-15	2.48601139674065e-12
SRR8615929	0.297078842881452	0.00489183462798359	1
SRR8615930	0.694696539988656	1.04360964314765e-14	9.52815604193802e-12
SRR8615932	0.505246738513897	1.69639956526524e-08	1.14167690742351e-05
SRR8615933	0.29254112308565	0.00587006297764636	1
SRR8615934	-0.737379466817924	6.66133814775094e-16	6.60804744256893e-13
SRR8615936	-0.315796937039138	0.00223877479578871	0.788048728117626
SRR8615937	0.385564378899603	4.72509012628963e-05	0.0217888553973135
SRR8615938	-0.392370958593307	3.17342412032851e-05	0.0151054988127637
SRR8615939	-0.442711287577992	1.45157305353472e-06	0.000807074617765302
SRR8615942	0.212138400453772	0.0931797393180116	1
SRR8615943	0.238513896766875	0.041461059751334	1
SRR8615944	-0.45873511060692	4.97727682402527e-07	0.000293659332617491
SRR8615945	-0.501418037436188	2.259905618196e-08	1.49153770800936e-05
SRR8615946	0.142087351106069	0.497244664005927	1
SRR8615947	0.291406693136699	0.00464023214481635	1
SRR8615948	0.36769710720363	0.000124728779078653	0.0542570188992142
SRR8615949	0.342881452070335	0.000448240169661718	0.177054867016379
SRR8615950	-0.223199092456041	0.0671220925252588	1
SRR8615951	-0.549489506522972	4.6117132335155e-10	3.40805607956796e-07
SRR8615952	0.138116846284742	0.534164292061412	1
SRR8615953	0.631452070334657	1.96731519963578e-13	1.71746616928203e-10
SRR8615954	-0.560124787294385	1.8410017954551e-10	1.39547936095497e-07
SRR8615955	-0.501418037436188	2.259905618196e-08	1.49153770800936e-05
SRR8615956	0.536159954622802	1.40283606953062e-09	1.00723629792299e-06
SRR8615958	-0.81437889960295	6.66133814775094e-16	6.60804744256893e-13
SRR8615959	-0.226602382302893	0.0502015457735525	1
SRR8615960	0.42597844583097	4.26899238825662e-06	0.00226256596577601
SRR8615961	0.0862166761202496	0.961844926507045	1
SRR8615962	0.650879183210437	5.82200954113432e-13	5.01275021491665e-10
SRR8615963	-0.302467385138968	0.00290616578735026	1
SRR8615964	0.279211571185479	0.00986643158082423	1
SRR8615965	0.366137266023823	0.000136238562919888	0.0589912977443116
SRR8615966	0.316222348269994	0.00219813516924283	0.77594171474272
SRR8615967	0.251134429948951	0.0272134355571161	1
SRR8615968	0.264038570618264	0.0136286123883147	1
SRR8615969	-0.40045377197958	2.00344416000364e-05	0.00993708303361807
SRR8615970	0.176262053318208	0.210231035213184	1
SRR8615971	-0.344015882019285	0.000423927803873569	0.167875410333933
SRR8615972	0.22093023255814	0.0718918037958062	1
SRR8615973	0.083380601247873	0.952413030580592	1
SRR8615974	0.294100964265457	0.00414978899792529	1
SRR8615975	0.549489506522972	4.6117132335155e-10	3.40805607956796e-07
SRR8615976	0.525808281338627	3.30795368874703e-09	2.33872325794415e-06
SRR8615978	-0.505672149744753	1.60546171912301e-08	1.08529212212716e-05
SRR8615981	0.409529211571185	2.17890566297507e-05	0.0107202158618374
SRR8615982	-0.188173567782189	0.154575042826702	1
SRR8615984	0.501843448667045	7.05810139223217e-08	4.48895248545966e-05
SRR8615985	-0.0947249007373794	0.885578311849977	1
SRR8615986	0.436613726602382	4.57188998725933e-06	0.00239567035332389
SRR8615987	-0.198383437322745	0.11714051284405	1
SRR8615988	0.367271695972774	0.000203974307482535	0.0844453632977695
SRR8615989	-0.352807714123653	0.000272070842238126	0.110460761948679
SRR8615990	0.137266023823029	0.491551178885516	1
SRR8615991	-0.247872943845718	0.0245472911321145	1
SRR8615992	0.667612024957459	1.29452004671293e-13	1.13788312106067e-10
SRR8615993	0.477453204764606	1.3261007458798e-07	8.23508563191355e-05
SRR8615994	0.572745320476461	3.92786581038251e-10	2.91054856549344e-07
SRR8615995	-0.207175269427113	0.0910580214015781	1
SRR8615996	-0.600538854225752	4.46620518346208e-12	3.65782204525544e-09
SRR8615997	-0.212138400453772	0.0786081797606826	1
SRR8615999	0.501843448667045	7.05810139223217e-08	4.48895248545966e-05
SRR8616000	0.394356211003971	2.85459879642014e-05	0.0136449822468883
SRR8616001	-0.65045377197958	6.0462745921086e-13	5.1997961492134e-10
SRR8616004	0.512904140669314	3.28523693804428e-08	2.14197448360487e-05
SRR8616005	-0.367980714690868	0.000196856414399038	0.0818922683899999
SRR8616006	0.273397617697107	0.00953295788960595	1
SRR8616007	-0.288287010777085	0.00525922995801931	1
SRR8616008	0.710294951786727	2.33146835171283e-15	2.18225437720321e-12
SRR8616010	-0.538003403289847	1.21139731579234e-09	8.70994670054692e-07
SRR8616011	0.121525808281339	0.64360757167362	1
SRR8616012	0.462138400453772	9.57795974310116e-07	0.000547859297305386
SRR8616013	0.270845150311968	0.0135000982427168	1
SRR8616014	0.253403289846852	0.025171569469961	1
SRR8616015	0.449659671015315	2.07950130493018e-06	0.00113332821118695
SRR8616017	0.472490073737947	4.95431068059382e-07	0.000293295192291154
SRR8616018	-0.168321043675553	0.254509191664245	1
SRR8616019	0.613159387407828	1.2516654379624e-12	1.06141229139212e-09
SRR8616020	0.521695972773681	1.76769833215573e-08	1.1861255808765e-05
SRR8616021	0.273539421440726	0.0122161849809034	1
SRR8616022	-0.685904707884288	1.11022302462516e-15	1.04805053524615e-12
SRR8616023	0.205331820760068	0.0959371384072147	1
SRR8616024	-0.766732841747022	6.66133814775094e-16	6.60804744256893e-13
SRR8616025	-0.624929098128191	3.94018151439468e-13	3.42007755449458e-10
SRR8616026	0.57161089052751	6.47586428925706e-11	5.01879482417422e-08
SRR8616027	-0.757941009642655	6.66133814775094e-16	6.60804744256893e-13
SRR8616028	-0.124078275666478	0.67063997291463	1
SRR8616029	0.275808281338627	0.00871478830971617	1
SRR8616030	0.468661372660238	2.50244080790551e-07	0.000152148401120655
SRR8616032	-0.757941009642655	0	0
SRR8616033	-0.733550765740215	6.66133814775094e-16	6.60804744256893e-13
SRR8616034	-0.348553601815088	0.000508228248050302	0.198717244987668
SRR8616035	-0.224333522404991	0.0648401539611733	1
SRR8616036	-0.130175836642087	0.558858382591922	1
SRR8616037	-0.197674418604651	0.11944988289301	1
SRR8616038	-0.374503686897334	8.7055892132315e-05	0.0389139837831448
SRR8616039	-0.655416903006239	1.57651669496772e-14	1.42990064233572e-11
SRR8616040	-0.25368689733409	0.0200068654521138	1
SRR8616042	-0.346284741917187	0.000378359813314577	0.151343925325831
SRR8616043	0.664208735110607	1.76303416310475e-13	1.54441792687976e-10
SRR8616044	-0.740073737946682	1.11022302462516e-16	1.11577413974828e-13
SRR8616045	-0.318065796937039	0.0020298061755093	0.724640804656819
SRR8616046	-0.437748156551333	4.27311537043451e-06	0.00226256596577601
SRR8616047	0.607061826432218	2.48954190595896e-11	1.96673810570758e-08
SRR8616049	0.603942144072604	3.22041282529995e-11	2.52802406786046e-08
SRR8616050	0.550623936471923	2.13550965799669e-09	1.51621185717765e-06
SRR8616051	0.279211571185479	0.00761453409278012	1
SRR8616052	0.536868973340896	5.9174262156958e-09	4.09485894126149e-06
SRR8616053	0.385989790130459	4.57850875580368e-05	0.0212442806269291
SRR8616054	0.410663641520136	1.07962158498731e-05	0.00549527386758542
SRR8616055	0.469795802609189	5.88989433669695e-07	0.000345147808130442
SRR8616056	0.470221213840045	2.2073650407517e-07	0.000134649267485853
SRR8616057	0.36046511627907	0.000182377026805458	0.0764159742314869
SRR8616058	-0.754537719795803	6.66133814775094e-16	6.60804744256893e-13
SRR8616059	0.104792966534317	0.803468403019022	1
SRR8616060	0.202921157118548	0.120913541146274	1
SRR8616061	0.284174702212138	0.00815491816515179	1
SRR8616062	-0.430516165626773	3.19763717770982e-06	0.00171073589007475
SRR8616063	0.122802041973908	0.683176397729662	1
SRR8616064	0.254395916052184	0.0243217606475132	1
SRR8616065	0.206040839478162	0.110852157895586	1
SRR8616066	-0.102665910380034	0.865293980551853	1
SRR8616067	0.43930799773114	1.82330336662151e-06	0.00100099354827521
SRR8616068	-0.24872376630743	0.0238636740862825	1
SRR8616069	0.211003970504821	0.0962767190646631	1
SRR8616070	0.0945830969937607	0.920735192822902	1
SRR8616071	0.640952921157119	1.39488420813905e-12	1.18007204008563e-09
SRR8616072	0.525808281338627	1.31807813552598e-08	8.96293132157666e-06
SRR8616074	0.11656267725468	0.692828861787212	1
SRR8616075	0.499574588769144	2.55966752238379e-08	1.68426122972853e-05
SRR8616077	0.654282473057289	4.30211422042248e-13	3.72563091488587e-10
SRR8616079	-0.460294951786727	4.44736100835286e-07	0.00026417324389616
SRR8616080	0.191293250141804	0.165183479138362	1
SRR8616081	0.258366420873511	0.021171453650627	1
SRR8616082	0.753403289846852	0	0
SRR8616083	0.62379466817924	6.11888317791909e-12	4.98688979000406e-09
SRR8616085	0.620391378332388	8.16535727921064e-12	6.5976086816022e-09
SRR8616086	0.674134997163925	7.1276318180935e-14	6.35071994992131e-11
SRR8616087	0.675269427112876	6.42819131257966e-14	5.73394665082105e-11
SRR8616088	0.748440158820193	0	0
SRR8616089	0.587634713556438	1.45297107678743e-11	1.15947091927637e-08
SRR8616090	0.509075439591605	4.28895085002878e-08	2.77066224911859e-05
SRR8616091	0.289988655700511	0.00487894690750978	1
SRR8616092	-0.369115144639818	0.000185954311990311	0.0777289024119499
SRR8616093	0.262904140669314	0.0180201112466249	1
SRR8616094	0.726318774815655	4.44089209850063e-16	4.41868763800812e-13
SRR8616095	-0.19412932501418	0.131783879060825	1
SRR8616098	-0.171298922291548	0.237399726376367	1
SRR8616099	-0.184628474191719	0.169930183887119	1
SRR8616100	0.0999716392512763	0.844837794992742	1
SRR8616101	0.671440726035167	3.10862446895044e-15	2.89102075612391e-12
SRR8616102	0.449659671015315	9.03479499436699e-07	0.000517693753177229
SRR8616103	-0.231565513329552	0.042749631191096	1
SRR8616104	-0.191860465116279	0.140228702880927	1
SRR8616105	-0.570051049347703	7.67855778960325e-11	5.93552517136331e-08
SRR8616106	-0.328701077708451	0.000882295914034215	0.331079602096045
SRR8616107	0.17597844583097	0.242033955342133	1
SRR8616108	-0.595575723199092	7.15405512607958e-12	5.80193870725054e-09
SRR8616109	-0.151588201928531	0.414083492484125	1
SRR8616110	0.413357912648894	9.27373022463485e-06	0.00474814987501304
SRR8616111	0.191293250141804	0.141932942155839	1
SRR8616112	0.456466250709019	1.36601234190792e-06	0.000760868874442711
SRR8616114	0.398184912081679	4.06796492867789e-05	0.0189973962169258
SRR8616115	0.467952353942144	6.62614277113782e-07	0.000385641509280221
SRR8616116	-0.423284174702212	5.05751744062088e-06	0.00263496658656348
SRR8616117	-0.406125921724333	1.43719575567136e-05	0.00721472269347023
SRR8616118	0.147759500850822	0.400745697871543	1
SRR8616119	0.159103800340329	0.315053139426449	1
SRR8616120	-0.381310266591038	5.9147636069512e-05	0.0267938791394889
SRR8616121	0.11046511627907	0.751850917678137	1
SRR8616122	-0.269285309132161	0.0112025125760294	1
SRR8616123	-0.468661372660238	2.50244080790551e-07	0.000152148401120655
SRR8616124	-0.50482132728304	1.70816355504755e-08	1.14788590899195e-05
SRR8616125	0.382586500283608	9.32732461260688e-05	0.0415065945261006
SRR8616126	0.542257515598412	3.98166688508894e-09	2.79513015333244e-06
SRR8616127	0.599829835507657	4.51225723452353e-11	3.51053612845931e-08
SRR8616128	-0.517441860465116	6.53935838812458e-09	4.51215728780596e-06
SRR8616129	-0.185479296653432	0.166048537770541	1
SRR8616130	0.120391378332388	0.654350969962958	1
SRR8616131	0.546369824163358	2.93490343139524e-09	2.07791162942783e-06
SRR8616132	0.654707884288145	4.14113188185183e-13	3.59036134156554e-10
SRR8616133	0.317356778218945	0.00209308080736503	0.743043686614587
SRR8616134	0.464123652864436	8.45005637906127e-07	0.000486723247433929
SRR8616135	0.701928530913216	5.21804821573824e-15	4.81104045491065e-12
SRR8616136	0.706891661939875	3.21964677141295e-15	2.99105185064263e-12
SRR8616137	0.226176971072036	0.0508853123310888	1
SRR8616138	-0.193420306296086	0.134363844413908	1
SRR8616139	-0.397759500850822	2.35479251078363e-05	0.0114442916024085
SRR8616140	-0.677538287010777	1.99840144432528e-15	1.87649895622144e-12
SRR8616141	-0.734685195689166	6.66133814775094e-16	6.60804744256893e-13
SRR8616142	-0.839903573454339	0	0
SRR8616143	0.209018718094158	0.0862790819120444	1
SRR8616144	0.257090187180942	0.0176670779145608	1
SRR8616145	-0.578417470221214	3.55002693908091e-11	2.77257103942219e-08
SRR8616146	0.458026091888826	1.23949417540903e-06	0.000694116738229056
SRR8616147	0.544526375496313	3.3658997811159e-09	2.37632524546783e-06
SRR8616148	0.187748156551333	0.180988636222462	1
SRR8616149	0.232274532047646	0.0417526766598252	1
SRR8616150	-0.469370391378332	2.32969831426288e-07	0.00014187862733861
SRR8616151	0.181934203062961	0.182147906392642	1
SRR8616153	0.245320476460579	0.0268885622033941	1
SRR8616154	0.336358479863868	0.000614712808448159	0.238508569677886
SRR8616155	0.109756097560976	0.757561786998356	1
SRR8616156	0.621100397050482	7.68995978006615e-12	6.22117746207351e-09
SRR8616157	-0.325723199092456	0.00102218634077667	0.378208946087366
SRR8616158	0.59103800340329	9.20888920674656e-11	7.1000535784016e-08
SRR8616159	-0.761769710720363	6.66133814775094e-16	6.60804744256893e-13
SRR8616160	0.448099829835508	2.2876890531931e-06	0.00124221515588385
SRR8616161	-0.268576290414067	0.0115212527163862	1
SRR8616162	-0.138116846284742	0.484549779481864	1
SRR8616163	0.342881452070335	0.000448240169661718	0.177054867016379
SRR8616164	0.375212705615428	0.000136491637837688	0.0589912977443116
SRR8616165	-0.283749290981282	0.00633868054496078	1
SRR8616166	0.266591038003403	0.0124035149752941	1
SRR8616167	0.281480431083381	0.00694969484704266	1
SRR8616168	-0.764038570618264	6.66133814775094e-16	6.60804744256893e-13
SRR8616169	-0.369540555870675	0.000113730030043446	0.049700023128986
SRR8616170	0.562819058423142	8.46644532259688e-10	6.15510574952793e-07
SRR8616171	0.637549631310267	1.87616588931405e-12	1.57222701524518e-09
SRR8616172	0.0995462280204198	0.848681431824214	1
SRR8616173	0.694271128757799	1.08801856413265e-14	9.91184911924847e-12
SRR8616174	-0.508224617129892	1.29249360103501e-08	8.80188142304839e-06
SRR8616175	-0.583380601247873	2.25982565993377e-11	1.79204174832748e-08
SRR8616176	0.166052183777652	0.26845889564264	1
SRR8616177	-0.399602949517867	2.08032669762881e-05	0.01025601061931
SRR8616178	-0.355501985252411	0.000236157352534128	0.0965883571864582
SRR8616179	-0.463272830402723	3.57200158562776e-07	0.000213248494661977
SRR8616180	-0.431650595575723	2.96267977328846e-06	0.00159392171802919
SRR8616181	0.112592172433352	0.731559650964993	1
SRR8616182	-0.849829835507657	6.66133814775094e-16	6.60804744256893e-13
SRR8616183	-0.337918321043676	0.000571736335195694	0.222977170726321
SRR8616184	-0.337492909812819	0.000580967950281064	0.225996532659334
SRR8616185	-0.502977878615995	2.01163724566911e-08	1.33572713112429e-05
SRR8616186	0.632586500283608	2.88280510574168e-12	2.38696262755411e-09
SRR8616187	0.429098128190584	3.45363776732555e-06	0.00184078892998452
SRR8616188	-0.122234826999433	0.688737465565372	1
SRR8616189	-0.535309132161089	1.48524825771545e-09	1.06343775252427e-06
SRR8616190	-0.442711287577992	1.45157305353472e-06	0.000807074617765302
SRR8616191	-0.210578559273965	0.0974600111332801	1
SRR8616192	0.454622802041974	6.46091042666441e-07	0.000376671077874535
SRR8616193	0.116846284741917	0.740949694457076	1
SRR8616194	-0.369115144639818	0.000115164720360994	0.0502118180773934
SRR8616195	-0.605076574021554	2.78110867668602e-12	2.30832020164939e-09
SRR8616196	-0.597844583096994	5.66147129177352e-12	4.61976057408719e-09
SRR8616197	0.660805445263755	8.88178419700125e-15	8.15347789284715e-12
SRR8616198	0.222348269994328	0.0688781515623318	1
SRR8616199	-0.419455473624504	6.38006135811331e-06	0.00330487178350269
SRR8616200	-0.384004537719796	5.13098695117398e-05	0.0234999202363768
SRR8616201	0.495745887691435	1.06827842349944e-07	6.66605736263648e-05
SRR8616202	0.371525808281339	0.000164654582149093	0.0698135428312154
SRR8616203	0.735110606920023	2.22044604925031e-16	2.22266649529956e-13
SRR8616204	0.731281905842314	3.33066907387547e-16	3.31734639757997e-13
SRR8616205	0.519001701644923	2.13982547236924e-08	1.41656446270844e-05
SRR8616206	0.53275666477595	7.9853088585935e-09	5.48590718585373e-06
SRR8616207	-0.177821894498015	0.202114738960566	1
SRR8616208	0.233125354509359	0.0492993470193568	1
SRR8616209	-0.639393079977311	1.59816604394791e-12	1.34725397504809e-09
SRR8616210	0.443136698808849	3.09233507833628e-06	0.00166058393706658
SRR8616211	0.610039705048213	1.72151182198377e-12	1.44434841864438e-09
SRR8616212	-0.64322178105502	1.14375175996884e-12	9.72188995973511e-10
SRR8616213	0.506806579693704	5.01827730481352e-08	3.2267523069951e-05
SRR8616214	0.536159954622802	6.23225815399309e-09	4.30649038440922e-06
SRR8616215	-0.446114577424844	1.14198467027204e-06	0.000645221338703705
SRR8616216	0.317782189449801	0.00205490008437204	0.731544430036445
SRR8616217	0.11287577992059	0.728171944535495	1
SRR8616218	0.187606352807714	0.181644726792045	1
SRR8616219	0.578417470221214	2.5173385598265e-10	1.88548658131005e-07
SRR8616220	0.671440726035167	9.12603326241879e-14	8.07653943724063e-11
SRR8618300	-0.408820192853091	1.22504581577809e-05	0.00618648136967936
SRR8618301	-0.590612592172433	1.13833387160867e-11	9.15220432773367e-09
SRR8618302	0.465541690300624	7.72413911276359e-07	0.000446455240717736
SRR8618303	0.551049347702779	3.90975696262785e-10	2.90103966626987e-07
SRR8618304	-0.552892796369824	3.47736506256524e-10	2.5906369716111e-07
SRR8618305	-0.44540555870675	1.22214424391753e-06	0.000686845065081654
SRR8618306	-0.395065229722065	2.74299866409589e-05	0.0131389636010193
SRR8618307	0.181225184344867	0.213140148181737	1
SRR8618308	-0.141094724900737	0.457553578259644	1
SRR8618309	-0.168604651162791	0.287458569333289	1
SRR8618310	0.520136131593874	5.24179699645799e-09	3.6430489125383e-06
SRR8618311	-0.29977311401021	0.00325777057882826	1
SRR8618312	0.668037436188315	1.24567023362943e-13	1.09618980559389e-10
SRR8618313	0.744611457742484	6.66133814775094e-16	6.60804744256893e-13
SRR8618314	0.512478729438457	3.38434376079277e-08	2.1998234445153e-05
SRR8618315	0.420306296086217	1.18468266907534e-05	0.00599449430552124
SRR8618316	0.588343732274532	1.14349418822712e-10	8.78203536558431e-08
SRR8618317	0.361883153715258	0.000266587646413408	0.108501172090257
SRR8618318	0.6310266591038	3.29714033853179e-12	2.72343791962726e-09
SRR8618319	0.671440726035167	9.12603326241879e-14	8.07653943724063e-11
SRR8615280	0.288428814520703	0.0069077860871517	1
SRR8615292	-0.28885422575156	0.00679316088668236	1
SRR8615293	0.115428247305729	0.703676634529672	1
SRR8615300	0.19540555870675	0.127150792487661	1
SRR8615303	0.296369824163358	0.00503410839514551	1
SRR8615305	-0.114152013613159	0.716035121134355	1
SRR8615314	0.230431083380601	0.0536780302007754	1
SRR8615328	0.743477027793534	1.11022302462516e-16	1.11577413974828e-13
SRR8615331	-0.270419739081112	0.0137135690627823	1
SRR8615332	0.566647759500851	6.30578367299961e-10	4.62844521598171e-07
SRR8615334	0.293959160521838	0.00554667512906748	1
SRR8615344	0.603233125354509	3.4138025739594e-11	2.67300741541021e-08
SRR8615386	0.726318774815655	4.44089209850063e-16	4.41868763800812e-13
SRR8615389	-0.728587634713556	6.66133814775094e-16	6.60804744256893e-13
SRR8615400	0.647050482132728	8.16791079216728e-13	6.99989954888736e-10
SRR8615401	0.496880317640386	3.19499375844856e-08	2.08633092426691e-05
SRR8615414	0.560124787294385	1.8410017954551e-10	1.39547936095497e-07
SRR8615417	0.674134997163925	7.1276318180935e-14	6.35071994992131e-11
SRR8615418	0.752268859897901	0	0
SRR8615424	0.649744753261486	2.87547763377916e-14	2.58792987040124e-11
SRR8615425	-0.283749290981282	0.00633868054496078	1
SRR8615436	-0.292115711854793	0.00449144042120941	1
SRR8615455	-0.272263187748157	0.00996666220886167	1
SRR8615463	0.444271128757799	1.3157310612133e-06	0.000734177932157021
SRR8615468	0.560550198525241	1.00721253559755e-09	7.29221875772623e-07
SRR8615472	0.408820192853091	2.26677144675724e-05	0.0111071800891105
SRR8615478	-0.0988372093023256	0.854070128042196	1
SRR8615496	0.297220646625071	0.00486382608691793	1
SRR8615497	0.481990924560408	9.65301449884493e-08	6.05244009077577e-05
SRR8615509	-0.118831537152581	0.72187836956697	1
SRR8615510	0.266732841747022	0.0122718605396455	1
SRR8615512	0.229580260918888	0.0551286481254132	1
SRR8615517	0.252127056154282	0.0211300592577259	1
SRR8615520	0.196398184912082	0.144372319220145	1
SRR8615522	0.544100964265457	7.24940774077254e-10	5.3065664662455e-07
SRR8615523	0.26091888825865	0.0193432503860221	1
SRR8615527	0.735110606920023	2.22044604925031e-16	2.22266649529956e-13
SRR8615531	0.533891094724901	1.66882918595235e-09	1.19321286795593e-06
SRR8615534	-0.459869540555871	4.59103331351685e-07	0.000272248275491549
SRR8615570	-0.477027793533749	1.37830040491949e-07	8.54546251050081e-05
SRR8615592	0.44540555870675	1.22214424391753e-06	0.000686845065081654
SRR8615595	0.745745887691435	6.66133814775094e-16	6.60804744256893e-13
SRR8615603	-0.125496313102666	0.603804596623613	1
SRR8615605	-0.184344866704481	0.171016791052503	1
SRR8615608	-0.160380034032898	0.305632532976377	1
SRR8615611	0.211429381735678	0.0951054347260446	1
SRR8615613	0.504112308564946	1.85034375599358e-08	1.2378799727597e-05
SRR8615617	0.554027226318775	3.13682635422197e-10	2.34320928660381e-07
SRR8615622	-0.356920022688599	0.000218928789741835	0.089979732583894
SRR8615623	-0.252127056154282	0.0263027643354482	1
SRR8615624	0.274673851389677	0.00910620451377686	1
SRR8615626	0.18079977311401	0.215380127775087	1
SRR8615637	0.55941576857629	1.09828957040037e-09	7.91866780258665e-07
SRR8615638	0.575014180374362	4.89929208313811e-11	3.80674994859831e-08
SRR8615643	0.323028927963698	0.00163418627830547	0.594843805303192
SRR8615653	-0.42597844583097	4.26899238825662e-06	0.00226256596577601
SRR8615677	-0.583380601247873	2.25982565993377e-11	1.79204174832748e-08
SRR8615679	0.49758933635848	2.9892661568276e-08	1.95796933272208e-05
SRR8615680	-0.735819625638117	6.66133814775094e-16	6.60804744256893e-13
SRR8615683	0.26091888825865	0.0193432503860221	1
SRR8615685	0.384429948950652	8.47065631216504e-05	0.0379485402784994
SRR8615689	0.745745887691435	1.11022302462516e-16	1.11577413974828e-13
SRR8615693	0.652013613159387	5.26467758277249e-13	4.54341675393266e-10
SRR8615702	0.704622802041974	4.10782519111308e-15	3.7997383017796e-12
SRR8615705	-0.117129892229155	0.7382402756636	1
SRR8615706	0.207175269427113	0.107369221375163	1
SRR8615716	0.389818491208168	6.37473718653192e-05	0.028750064711259
SRR8615717	0.227736812251843	0.0583877649497176	1
SRR8615720	0.313528077141237	0.00178643501307474	0.646689474733055
SRR8615722	0.631452070334657	3.17867954180429e-12	2.62876798107214e-09
SRR8615724	0.5655133295519	6.88246792890368e-10	5.0448489918864e-07
SRR8615727	-0.524673851389677	3.64861096890934e-09	2.56862212211217e-06
SRR8615729	0.274673851389677	0.0117093511332301	1
SRR8615731	0.62379466817924	6.11888317791909e-12	4.98688979000406e-09
SRR8615732	0.583806012478729	1.64294799986919e-10	1.25356932390019e-07
SRR8615736	0.439733408961997	1.74868345281798e-06	0.000963524582502706
SRR8615742	0.720221213840045	6.66133814775094e-16	6.60804744256893e-13
SRR8615744	0.489648326715825	1.60872065002593e-07	9.87754479115921e-05
SRR8615753	-0.385138967668746	4.80057315894733e-05	0.0220826365311577
SRR8615754	0.219370391378332	0.0753354266478841	1
SRR8615755	-0.431650595575723	6.13213292310899e-06	0.00318257698709357
SRR8615759	0.496880317640386	9.89380462002032e-08	6.19352169213272e-05
SRR8615761	0.719086783891095	9.99200722162641e-16	9.45243883165858e-13
SRR8615774	-0.615002836074872	1.06015196621456e-12	9.02189323248592e-10
SRR8615776	0.304452637549631	0.00264801102591705	0.918859825993217
SRR8615777	-0.286018150879183	0.00577556572614291	1
SRR8615779	0.666903006239365	1.38111744263369e-13	1.21262111463238e-10
SRR8615780	0.687464549064095	2.07611705604904e-14	1.88096205278043e-11
SRR8615785	0.703488372093023	4.55191440096314e-15	4.20596890648994e-12
SRR8615788	0.414917753828701	8.47495995004444e-06	0.00436460437427288
SRR8615794	0.521270561542825	1.82195342146585e-08	1.22070879238212e-05
SRR8615797	0.589478162223483	1.04398933942207e-10	8.03871791354993e-08
SRR8615798	0.458026091888826	1.23949417540903e-06	0.000694116738229056
SRR8615805	-0.385138967668746	4.80057315894733e-05	0.0220826365311577
SRR8615811	0.505246738513897	5.5881480220954e-08	3.58200288216315e-05
SRR8615824	-0.340896199659671	0.000489910792284109	0.192045030575371
SRR8615830	0.647050482132728	8.16791079216728e-13	6.99989954888736e-10
SRR8615831	0.28757799205899	0.00714234310466499	1
SRR8615837	0.538003403289847	5.44566380877853e-09	3.7792906832923e-06
SRR8615850	0.365002836074872	0.000228422252827043	0.0936531236590876
SRR8615852	0.671866137266024	8.78186412478499e-14	7.7807316145595e-11
SRR8615853	-0.0999716392512762	0.844837794992742	1
SRR8615854	-0.477027793533749	1.37830040491949e-07	8.54546251050081e-05
SRR8615858	0.472490073737947	4.95431068059382e-07	0.000293295192291154
SRR8615869	0.543391945547362	7.73631714245937e-10	5.6552478311378e-07
SRR8615873	0.61046511627907	1.87718729449671e-11	1.49236389912488e-08
SRR8615880	0.411514463981849	1.03509877958929e-05	0.0052790037759054
SRR8615894	0.437464549064095	4.3459982491667e-06	0.00229034107731085
SRR8615899	0.615428247305729	1.03439479204326e-12	8.82338757612899e-10
SRR8615900	0.193136698808849	0.135204875725272	1
SRR8615905	0.258224617129892	0.0212773887589113	1
SRR8615914	-0.113159387407828	0.72526347390269	1
SRR8615917	-0.846001134429949	6.66133814775094e-16	6.60804744256893e-13
SRR8615926	0.408394781622235	2.32110633261451e-05	0.0113037878398327
SRR8615935	-0.57884288145207	3.40178996083296e-11	2.66700332929304e-08
SRR8615977	0.311684628474192	0.00192859096795961	0.69043556652954
SRR8615980	0.504112308564946	1.85034375599358e-08	1.2378799727597e-05
SRR8616009	0.711854792966534	1.99840144432528e-15	1.87649895622144e-12
SRR8616076	-0.560550198525241	1.7522294726291e-10	1.33169439919811e-07
SRR8616078	0.539563244469654	4.85639151115436e-09	3.38004849176343e-06
SRR8616084	0.29977311401021	0.00438417028322413	1
SRR8615874	-0.14804310833806	0.399053381299672	1
SRR8615224	0.28275666477595	0.00861407218425081	1
SRR8615245	0.533040272263188	7.82253251063736e-09	5.3819023673185e-06
SRR8615259	0.583380601247873	1.69948277672916e-10	1.29500587586762e-07
SRR8615289	-0.463698241633579	3.53934330510342e-07	0.000211652729645184
SRR8615308	-0.797220646625071	6.66133814775094e-16	6.60804744256893e-13
SRR8615315	0.289563244469654	0.00499691173818295	1
SRR8615351	0.114293817356778	0.765063090809045	1
SRR8615361	0.27665910380034	0.0108678769208073	1
SRR8615364	0.568916619398752	5.29054355880021e-10	3.89384005927695e-07
SRR8615365	0.372943845717527	0.000153226987881672	0.0654277802816505
SRR8615372	0.259075439591605	0.0206487883627718	1
SRR8615380	0.243335224049915	0.0287651083435159	1
SRR8615383	0.542966534316506	8.03659916392974e-10	5.85064419134085e-07
SRR8615406	0.546795235394214	2.84336609812641e-09	2.01594656357162e-06
SRR8615413	0.477736812251844	3.52740829323572e-07	0.00021129175676482
SRR8615421	0.79495178672717	0	0
SRR8615427	-0.29608621667612	0.00378112957295307	1
SRR8615444	0.673000567214974	7.91589016557737e-14	7.02139457686712e-11
SRR8615449	-0.262762336925695	0.0143192794029755	1
SRR8615451	-0.63712422007941	1.11466391672366e-13	9.82018910633542e-11
SRR8615482	0.136415201361316	0.55030274247236	1
SRR8615491	0.695830969937606	9.43689570931383e-15	8.64419646973147e-12
SRR8615502	0.655842314237096	1.50990331349021e-14	1.3725021119626e-11
SRR8615504	-0.416477595008508	7.63325976893547e-06	0.0039387620407707
SRR8615548	0.588769143505389	1.10513709294935e-10	8.49850424478049e-08
SRR8615578	-0.531905842314237	2.00922845028373e-09	1.42856142815173e-06
SRR8615694	0.256664775950085	0.0224741841105655	1
SRR8615697	0.540697674418605	4.46735826109546e-09	3.11374870798353e-06
SRR8615701	0.125921724333522	0.652497963248833	1
SRR8615741	0.14194554736245	0.450736783396999	1
SRR8615782	0.749574588769144	0	0
SRR8615783	0.648610323312535	7.11763981087188e-13	6.10693495772807e-10
SRR8615814	-0.638258650028361	9.84767822842514e-14	8.68565219747097e-11
SRR8615844	0.161514463981849	0.297859023878168	1
SRR8615860	0.333664208735111	0.00101539774218329	0.37671256235
SRR8615940	0.539563244469654	1.07952347061513e-09	7.80495469254738e-07
SRR8615941	0.226318774815655	0.061006045654906	1
SRR8615957	0.430941576857629	3.1117540684189e-06	0.00166790018067253
SRR8616003	-0.331820760068066	0.000766661947747216	0.292864864039436
SRR8616016	0.158111174134997	0.361963067378242	1
SRR8616031	-0.642087351106069	1.2632117574185e-12	1.06994035853347e-09
SRR8616096	0.173709585933069	0.223466637572576	1
SRR8616113	0.528502552467385	1.08613956717463e-08	7.4183332438027e-06
SRR8615298	-0.188031764038571	0.155347198625194	1
SRR8615306	-0.589478162223483	1.27673427385844e-11	1.02138741908675e-08
SRR8615318	0.168604651162791	0.287458569333289	1
SRR8615387	0.270561542824731	0.013642077059817	1
SRR8615555	0.514038570618264	3.03454520400592e-08	1.98459256341987e-05
SRR8615757	-0.452212138400454	7.58717196625014e-07	0.000440055974042508
SRR8615861	0.608905275099263	2.13692397110776e-11	1.69671763305956e-08
SRR8615916	0.445830969937606	1.17096295415564e-06	0.000660423106143782
SRR8615225	-0.611174134997164	1.76960668341053e-11	1.41037652667819e-08
SRR8615242	0.30587067498582	0.00250254734408584	0.870886475741871
SRR8615261	0.62989222915485	3.6347591603203e-12	2.99504154810393e-09
SRR8615286	0.238513896766875	0.033799753633426	1
SRR8615295	0.363868406125922	0.000153226651713467	0.0654277802816505
SRR8615304	0.286868973340896	0.00734332652949288	1
SRR8615307	-0.767867271695973	6.66133814775094e-16	6.60804744256893e-13
SRR8615342	-0.4465399886557	1.13311066674004e-06	0.000641340637374865
SRR8615347	0.235819625638117	0.0452330369999171	1
SRR8615370	-0.589478162223483	1.27673427385844e-11	1.02138741908675e-08
SRR8615409	0.156409529211571	0.334122011237787	1
SRR8615435	0.211287577992059	0.09549453407631	1
SRR8615445	-0.222773681225184	0.0566786066136181	1
SRR8615456	0.374078275666478	8.82720651675939e-05	0.0393693410647469
SRR8615469	-0.46483267158253	3.26613157075606e-07	0.000196294507402439
SRR8615487	0.465258082813386	3.14063430706391e-07	0.000189066185285247
SRR8615492	0.219086783891095	0.0759763208394217	1
SRR8615530	-0.5971355643789	6.15485440391694e-12	5.00389663038447e-09
SRR8615564	-0.722490073737947	6.66133814775094e-16	6.60804744256893e-13
SRR8615583	0.528502552467385	1.08613956717463e-08	7.4183332438027e-06
SRR8615632	0.2936755530346	0.00421717669984434	1
SRR8615672	-0.581820760068066	2.53239651470949e-11	1.99552845359108e-08
SRR8615710	0.166477595008508	0.301612794866257	1
SRR8615721	0.410380034032898	1.10569803373206e-05	0.00560588903102155
SRR8615748	0.660805445263755	8.88178419700125e-15	8.15347789284715e-12
SRR8615804	-0.523114010209869	4.03205702159681e-09	2.82243991511777e-06
SRR8615823	0.724049914917754	6.66133814775094e-16	6.60804744256893e-13
SRR8615871	0.498440158820193	8.90066428338443e-08	5.58961716996542e-05
SRR8615877	0.231990924560408	0.0511038658442753	1
SRR8615884	0.736245036868973	2.22044604925031e-16	2.22266649529956e-13
SRR8615887	0.602098695405559	3.74713593487286e-11	2.92276602920083e-08
SRR8615889	0.563953488372093	7.76027020421566e-10	5.66499724907743e-07
SRR8615927	0.341747022121384	0.000699992817044692	0.270197227379251
SRR8615931	-0.398468519568917	2.22907537649197e-05	0.0109447600985756
SRR8616002	0.57884288145207	2.43429831847664e-10	1.83059233549443e-07
SRR8616097	0.0823879750425412	0.974877459522477	1
SRR8615256	-0.383295519001702	5.35190861450374e-05	0.0244047032821371
SRR8615267	-0.441151446398185	1.57926783284079e-06	0.000873335111560958
SRR8615270	0.400028360748724	2.06006020858629e-05	0.0101766974304163
SRR8615283	-0.254395916052184	0.0194716384697445	1
SRR8615291	0.149602949517867	0.386213858229812	1
SRR8615309	-0.410663641520136	2.04505812539946e-05	0.0101230377207273
SRR8615317	-0.769001701644923	6.66133814775094e-16	6.60804744256893e-13
SRR8615319	0.644781622234827	9.97424365323241e-13	8.51800407986048e-10
SRR8615322	0.627623369256948	4.41469083511947e-12	3.62446117563309e-09
SRR8615352	0.206891661939875	0.108231353047074	1
SRR8615396	-0.693562110039705	6.66133814775094e-16	6.60804744256893e-13
SRR8615423	0.107203630175837	0.828507058951491	1
SRR8615433	0.660805445263755	2.39808173319034e-13	2.08872918960878e-10
SRR8615437	0.709585933068633	2.55351295663786e-15	2.3875346144564e-12
SRR8615466	-0.438173567782189	1.96027760634987e-06	0.00107227185067338
SRR8615477	-0.462138400453772	3.88685215013673e-07	0.000231267702933136
SRR8615485	0.270136131593874	0.010814983224735	1
SRR8615486	0.297929665343165	0.00472597631566984	1
SRR8615500	-0.37251843448667	9.55483845814786e-05	0.042327934369595
SRR8615519	0.40655133295519	2.57128126421868e-05	0.0123694840064429
SRR8615561	0.477027793533749	1.37830040491949e-07	8.54546251050081e-05
SRR8615568	0.247163925127623	0.0251832079124392	1
SRR8615769	0.665343165059558	1.59094959428785e-13	1.39526279419044e-10
SRR8615799	-0.113868406125922	0.718687631794155	1
SRR8615800	0.602807714123653	3.53261864205479e-12	2.9144103796952e-09
SRR8615815	0.445830969937606	1.17096295415564e-06	0.000660423106143782
SRR8615821	-0.659245604083948	1.0769163338864e-14	9.82147696504398e-12
SRR8615847	0.618122518434487	9.88831239112642e-12	7.96997978724789e-09
SRR8615904	0.272830402722632	0.00971292442262683	1
SRR8615911	0.671440726035167	9.12603326241879e-14	8.07653943724063e-11
SRR8615915	0.308990357345434	0.0021818882240684	0.772388431320212
SRR8615979	-0.628757799205899	4.00612876205741e-12	3.29704397117325e-09
SRR8616152	0.092597844583097	0.932063590599089	1
SRR8615268	-0.605501985252411	2.76823008960037e-12	2.3031674345475e-09
SRR8615327	0.719086783891095	9.99200722162641e-16	9.45243883165858e-13
SRR8615422	0.151871809415769	0.411728560572662	1
SRR8615460	-0.37861599546228	6.84666367697373e-05	0.0308099865463818
SRR8615481	0.225467952353942	0.0520613113148938	1
SRR8615222	-0.410663641520136	1.07962158498731e-05	0.00549527386758542
SRR8615235	-0.193845717526943	0.154497659334624	1
SRR8615251	-0.694696539988656	6.66133814775094e-16	6.60804744256893e-13
SRR8615272	0.450368689733409	1.99102280040719e-06	0.00108709844902233
SRR8615282	0.154707884288145	0.34608631073445	1
SRR8615285	0.131452070334657	0.546153929218886	1
SRR8615294	0.522830402722632	4.13311707081476e-09	2.88904883249952e-06
SRR8615299	-0.28757799205899	0.00542874269713844	1
SRR8615310	0.607061826432218	2.48954190595896e-11	1.96673810570758e-08
SRR8615321	0.658111174134997	3.05422354074381e-13	2.65717448044711e-10
SRR8615377	-0.435479296653432	4.89069705200684e-06	0.00255294386114757
SRR8615382	0.59103800340329	1.09696696171113e-11	8.83058404177461e-09
SRR8615385	0.277651730005672	0.00808762796772733	1
SRR8615404	-0.605076574021554	2.78110867668602e-12	2.30832020164939e-09
SRR8615411	0.22575155984118	0.0620811722275332	1
SRR8615432	-0.6626488939308	7.32747196252603e-15	6.74860167748648e-12
SRR8615441	0.177396483267158	0.233950435038294	1
SRR8615453	0.469795802609189	5.88989433669695e-07	0.000345147808130442
SRR8615471	0.205331820760068	0.0959371384072147	1
SRR8615490	0.634855360181509	2.36988206836486e-12	1.97648164501629e-09
SRR8615507	-0.135422575155984	0.509244297375248	1
SRR8615545	0.760635280771412	0	0
SRR8615556	0.206040839478162	0.110852157895586	1
SRR8615581	-0.330686330119115	0.0008089678342732	0.307407777023816
SRR8615609	-0.189733408961997	0.1719974232839	1
SRR8615614	0.118831537152581	0.721878369566969	1
SRR8615663	0.561259217243335	9.5408059230806e-10	6.92662510015651e-07
SRR8615688	0.751134429948951	0	0
SRR8615700	0.677538287010777	5.21804821573824e-14	4.65971705665424e-11
SRR8615766	-0.773964832671583	6.66133814775094e-16	6.60804744256893e-13
SRR8615802	-0.422149744753261	5.43277733355829e-06	0.00282504421345031
SRR8615816	-0.50368689733409	1.87644388915942e-08	1.25158807406933e-05
SRR8615819	-0.167044809982984	0.262357053361369	1
SRR8615832	0.502977878615996	6.53066477562803e-08	4.16003346207505e-05
SRR8615835	0.708451503119682	2.77555756156289e-15	2.58404408981505e-12
SRR8615842	0.638684061259217	1.69997349530604e-12	1.43137768304769e-09
SRR8615846	0.403148043108338	3.10235251073099e-05	0.0147982214761868
SRR8615867	0.384855360181509	8.28386682668603e-05	0.0371945620518203
SRR8615888	0.407685762904141	1.30898293022597e-05	0.00658418413903661
SRR8615897	0.275808281338627	0.0112215770268214	1
SRR8615928	0.165910380034033	0.305468798079863	1
SRR8615998	-0.396199659671015	2.56096977359066e-05	0.0123694840064429
SRR8616073	0.652013613159387	5.26467758277249e-13	4.54341675393266e-10
SRR8615233	0.415343165059558	1.57154894664391e-05	0.0078420292437531
SRR8615246	-0.540697674418605	9.82217973621857e-10	7.12108030875847e-07
SRR8615248	0.77665910380034	0	0
SRR8615273	0.408820192853091	2.26677144675724e-05	0.0111071800891105
SRR8615279	0.706891661939875	3.21964677141295e-15	2.99105185064263e-12
SRR8615290	0.300907543959161	0.00310117706243385	1
SRR8615302	-0.113159387407828	0.72526347390269	1
SRR8615348	0.216250709018718	0.0826429209636919	1
SRR8615360	0.366137266023823	0.000215871356309627	0.0889389987995663
SRR8615374	0.371525808281339	0.000164654582149093	0.0698135428312154
SRR8615403	0.522830402722632	1.63059011848432e-08	1.10064832997692e-05
SRR8615431	-0.710720363017584	6.66133814775094e-16	6.60804744256893e-13
SRR8615452	-0.513613159387408	8.7718285968208e-09	6.01747441741907e-06
SRR8615498	0.174134997163925	0.252851380860935	1
SRR8615553	0.615428247305729	1.24013022073655e-11	9.9458443703071e-09
SRR8615610	-0.297504254112309	0.00480824965471371	1
SRR8615866	0.327283040272263	0.00135343901109053	0.496712117070224
SRR8615885	0.727878615995462	4.44089209850063e-16	4.41868763800812e-13
SRR8615983	0.401588201928531	3.3793663508086e-05	0.0160519901663408
SRR8616041	0.159103800340329	0.354415334044245	1
SRR8616048	0.401588201928531	3.3793663508086e-05	0.0160519901663408
SRR8615489	0.285309132161089	0.00780374022917429	1
